Mesures enregistrées le 02/04/23 à 16:04

 Données n°1 ------------------------------------------

Nuage de points : Nuage 1

X	;	Y	;	Z
0.3465481174392636	;	0.071607076752064	;	0.12012780432998962
0.35122909489459436	;	0.068234889284238	;	0.12014787528234712
0.3552325437119585	;	0.064611082010013	;	0.12023208499625855
0.36002195382672403	;	0.062008449849765	;	0.12032760896900291
0.3650884905696937	;	0.06189293988612	;	0.12049903188371296
0.37209052928045044	;	0.070549683358625	;	0.1202932208396777
0.3620023975886426	;	0.073346789604377	;	0.12053155425274202
0.3500108223916031	;	0.075862621028816	;	0.12003724443304187
0.3437396075473101	;	0.083790249361222	;	0.11963070808261275
0.3399628423683933	;	0.078697560746604	;	0.11969207960158054
0.3343784279652324	;	0.086115592245736	;	0.11960847096509644
0.338775196677001	;	0.09112382411125	;	0.11906682246975736
0.3336590067090012	;	0.094532446793224	;	0.11927996154305874
0.3289934130289097	;	0.10362703241982	;	0.11914742934596056
0.32478834410532204	;	0.093095493706334	;	0.11898125972636067
0.3344087992224396	;	0.078777925850272	;	0.11940407918019186
0.32805801095833154	;	0.086600816800619	;	0.11887886073800275
0.3212628380931119	;	0.097394437426628	;	0.11915711789268056
0.3155797921816214	;	0.10463060958333	;	0.1189287326486296
0.3236925877372296	;	0.10552941238157	;	0.1190910295368037
0.3248817110684086	;	0.11502408833825	;	0.11953117656515926
0.31711619936285435	;	0.12035888559552	;	0.11869086258040018
0.31323950345284346	;	0.11312315408609	;	0.11922409410984668
0.3123219432856718	;	0.11878591374441	;	0.11863935075023539
0.31300356380475847	;	0.12396870229314	;	0.11879670234893724
0.3122426510417573	;	0.13151620343067	;	0.11834921980251045
0.3201923909998922	;	0.12678279156908	;	0.11865668584056337
0.3177427724774175	;	0.13350101094219	;	0.11827483266419735
0.30851322705045847	;	0.13533447101207	;	0.11841685864103686
0.3076852442357938	;	0.12724328557649	;	0.11810367073166603
0.30807770690376773	;	0.1428039790907	;	0.11770365394426215
0.30943257208642877	;	0.14891086456678	;	0.11802036053196399
0.31795526156331394	;	0.1514083251339	;	0.11750231436624259
0.31625149476134573	;	0.15883868856303	;	0.1179429495735952
0.31000933250177437	;	0.15534497611931	;	0.11789715450637447
0.32304053584862014	;	0.13597949258883	;	0.11766346292551695
0.3176000905038972	;	0.11018360588199	;	0.11937570768010365
0.31918148611937674	;	0.11493951026493	;	0.11921289477112132
0.3065753742111333	;	0.16492210467788	;	0.11781648047711155
0.3156821270695325	;	0.16581580327107	;	0.11773331528722246
0.3217896455200148	;	0.1661514638105	;	0.11801386043778964
0.3215761416015768	;	0.15963020471773	;	0.11787346185185206
0.3192208251941447	;	0.17224282477842	;	0.11785394459328248
0.3104999076352393	;	0.17237779162068	;	0.1181290314272328
0.31039286966429347	;	0.18059307370274	;	0.1173944765258487
0.31589005946622706	;	0.18391885305627	;	0.11769932380604554
0.3200956495702391	;	0.17721369142776	;	0.11831124663176008
0.3263080168990968	;	0.17997860644212	;	0.11820182238009039
0.3247130317312402	;	0.17123981431803	;	0.1181102856424871
0.32604969296130637	;	0.18764263959726	;	0.117651556311132
0.32235538950698833	;	0.19491939829531	;	0.11709985977609311
0.32016515117881683	;	0.18738646613487	;	0.11750811092666356
0.3315389495983271	;	0.19015326633313	;	0.11756525251340166
0.33144855685168845	;	0.18407016018363	;	0.1178188511619654
0.33744597084490097	;	0.19748348757194	;	0.11699895666181634
0.33838795302148406	;	0.18922362930734	;	0.11691398900553997
0.3311161673295001	;	0.19576170161896	;	0.11722398617580759
0.32917929755325426	;	0.20124152703384	;	0.11730686181061428
0.33553867772612933	;	0.20826904550738	;	0.11720028049340522
0.33610510784279174	;	0.20326560276417	;	0.11714996624811225
0.3412652704694904	;	0.203175358291	;	0.11722245897481949
0.3437453347331141	;	0.20770265876618	;	0.11720104160232732
0.34057901281273306	;	0.21168052344255	;	0.11742937102703008
0.34888654346945697	;	0.21474241305777	;	0.11803376780882016
0.3464226976290076	;	0.20060677583566	;	0.11725549378458008
0.3426770436873572	;	0.19642226416861	;	0.11732352122317041
0.3502769010711406	;	0.20936948061756	;	0.11721419393533818
0.3555409282115345	;	0.20822074970931	;	0.11736683912110522
0.35738181193518054	;	0.21400199402086	;	0.11754533136921907
0.3558735969012206	;	0.21990436844229	;	0.11735587112446125
0.34729001354320216	;	0.22038643094955	;	0.11734224880380609
0.357533892741472	;	0.22529446032918	;	0.11698766946308839
0.36373259602167834	;	0.22891371874479	;	0.11711439588143989
0.36256146828790137	;	0.21993281905517	;	0.11697632363507805
0.3628464512509365	;	0.2144244642561	;	0.11680075796867012
0.36751046339349047	;	0.22137449512305	;	0.11695796625318625
0.36819040752232984	;	0.22662037524547	;	0.11745337017958
0.373472790973045	;	0.23300356981238	;	0.11702290175141437
0.37308781328348595	;	0.21898532037485	;	0.1170287755367395
0.3731956153505785	;	0.22426398828147	;	0.11733610142115843
0.37962659501158996	;	0.2337508350615	;	0.11697015360717682
0.3806021486636494	;	0.22823880823103	;	0.1174003552077924
0.3780300794974865	;	0.22146795793941	;	0.11806452242740023
0.3829043112930177	;	0.22004329061486	;	0.11823490532752177
0.3873970589089676	;	0.23330241697158	;	0.11727777228079056
0.3857460164057132	;	0.22766262774827	;	0.11774359371356775
0.38903584993657503	;	0.22350362249742	;	0.11813101415382901
0.39567785167844627	;	0.23484350565674	;	0.11729642999533425
0.39325623431318474	;	0.22014610118921	;	0.11773884667015337
0.40574263256741167	;	0.22062597918453	;	0.11783605540115039
0.410662572130598	;	0.23117515025438	;	0.11752675952735675
0.4049813167872138	;	0.24057684269829	;	0.11671935651054514
0.4089191191032355	;	0.23625819783133	;	0.11744360750969843
0.4162558329463679	;	0.234727365359	;	0.11752741179208395
0.41520281861869496	;	0.22356044155639	;	0.11802295214817352
0.416751326835208	;	0.21754909278306	;	0.11769928882653345
0.42360642004520815	;	0.23373244706297	;	0.11746303553591876
0.42540453371105463	;	0.22615802310962	;	0.11804217863150056
0.4237399281027707	;	0.21750439055735	;	0.11805880252209544
0.43179682500597955	;	0.2257524617757	;	0.11775475983830105
0.4301921423036866	;	0.23225326028137	;	0.1173464548993706
0.4408666885968823	;	0.22488751297228	;	0.11801234577520302
0.4467490922427662	;	0.22347038397551	;	0.11781384094809835
0.45308783106819084	;	0.21628358001692	;	0.11839106875875019
0.4582607724125116	;	0.21465950673769	;	0.11816190784335494
0.4621847391233788	;	0.2115213457195	;	0.11790081554164566
0.4690967559730086	;	0.20865117215472	;	0.11842517373638489
0.4731349328077832	;	0.20429346402754	;	0.118512575306684
0.47672391477290454	;	0.19826816860691	;	0.11882631643860507
0.47915536591661684	;	0.19294011052463	;	0.11919654332406852
0.4830321982210577	;	0.18329252142684	;	0.11888220294410148
0.4854871614674232	;	0.17714572968449	;	0.11944993033917183
0.48009247966703494	;	0.18791807728135	;	0.11932505820549323
0.4873074683928555	;	0.17170386646876	;	0.11982682516550532
0.488970856288136	;	0.16405387190251	;	0.11999295973845553
0.49177831737022876	;	0.15477049574646	;	0.12000370191929376
0.4833509965518163	;	0.15435920550309	;	0.11979435218534328
0.4755968527479854	;	0.15511314063855	;	0.12010104711547542
0.4722881403687033	;	0.16504293104409	;	0.11948569129958132
0.47418689460156194	;	0.1603320865305	;	0.12000813998941195
0.4695160266182482	;	0.16945456382697	;	0.11897061265477675
0.46680794661652447	;	0.17681621533008	;	0.11895808545523336
0.4634389531380298	;	0.18346459578707	;	0.11912614025987664
0.4581487516029129	;	0.19022865967505	;	0.11818217321281958
0.45537011073415906	;	0.19602934955677	;	0.11839874511901478
0.44915022352467804	;	0.20143564542334	;	0.11828699751939778
0.44374915104192186	;	0.20584434324871	;	0.11832563311519248
0.437204144815587	;	0.21047965228842	;	0.11846567449476364
0.43206710985238006	;	0.21491343596379	;	0.118157286949249
0.4355936850731061	;	0.2203121110033	;	0.11780920302875894
0.44545940761180264	;	0.21497529270356	;	0.1183388721038881
0.45060789948261415	;	0.21087568448562	;	0.11808242937003262
0.45610247254778813	;	0.20762951365431	;	0.11826552272244388
0.45592861401367263	;	0.20231578051909	;	0.11847373277741771
0.4622968046549927	;	0.20359933301875	;	0.11838653730016387
0.47055979913755397	;	0.19870690571075	;	0.11940809950332781
0.46454525738270186	;	0.19833843432065	;	0.11890251304875674
0.460599773295608	;	0.19524814107247	;	0.1187018983888535
0.46641675024998347	;	0.1920797340799	;	0.11901649757694416
0.47384347077255695	;	0.19423592517419	;	0.11951621295992755
0.4704623236482101	;	0.1884440753375	;	0.11955216269608217
0.4756554582865529	;	0.18159674006512	;	0.11930470494511469
0.4717468525830482	;	0.1775720553449	;	0.11924941797964068
0.47727821725582764	;	0.17003844731811	;	0.11954097652536552
0.47930554020952915	;	0.17726592548598	;	0.11926173965392274
0.4820160968683725	;	0.16789838527328	;	0.11960066815444508
0.48126144087676914	;	0.16169636933868	;	0.11962197283001415
0.4014584555207815	;	0.23529065660685	;	0.11709710560555728
0.41050885378923696	;	0.22527723871795	;	0.11787561407569754
0.4895156735467142	;	0.14819391527018	;	0.11937178733527729
0.49282491151849644	;	0.14226719939909	;	0.11975374989450907
0.47383512826064045	;	0.14910050702312	;	0.11962695647480202
0.4738588969423063	;	0.14164500428119	;	0.11962965360976902
0.4741518384934077	;	0.1339839200462	;	0.12009752429338708
0.48269537179556565	;	0.13144614115615	;	0.12033161702976809
0.49047042659903345	;	0.13177809358087	;	0.12047821873659645
0.48893492415774104	;	0.12335783816219	;	0.1207290227789491
0.48260083806137	;	0.12634399447334	;	0.12070968679617051
0.4757096322548783	;	0.12702853172987	;	0.12066337346803838
0.48432031355861127	;	0.12141804424696	;	0.1208029814225266
0.48559780195747254	;	0.11455395353045	;	0.12106909942204083
0.47834575799062845	;	0.11588331352938	;	0.1206294904867014
0.477128150839364	;	0.12217323990509	;	0.12073680848287827
0.4691814752527077	;	0.11698322600034	;	0.12024447873470934
0.47336540864225496	;	0.10644141783538	;	0.12075029259709733
0.48040652907767145	;	0.10547557606257	;	0.12054457563879008
0.46906545344471107	;	0.11028982968273	;	0.12087945256435823
0.47117518653357854	;	0.12363094950312	;	0.12011115081221109
0.47757091028448795	;	0.099837207013691	;	0.1204172930849228
0.47538018930980597	;	0.093438202770325	;	0.12133749662213975
0.46726985099807566	;	0.085704113697975	;	0.12087200744485642
0.47018855198479903	;	0.089868732901462	;	0.1210863596030313
0.46674973245528034	;	0.10109614912597	;	0.12080895046555722
0.4618748372916158	;	0.099621466928481	;	0.12057873403451412
0.459198387961792	;	0.092403469925324	;	0.12035194431785455
0.4718174257399768	;	0.10020521399514	;	0.12078455125483599
0.46590987586142996	;	0.094887404457885	;	0.12063211165621313
0.45876794013228167	;	0.083066126031037	;	0.12120355607829404
0.4585573760849733	;	0.074323772462427	;	0.12096083657261425
0.4502516407978742	;	0.072053050469407	;	0.12129061977980696
0.4491922136174658	;	0.08134761983678	;	0.12098496423041867
0.4528840238045042	;	0.089705350972375	;	0.12047131827669397
0.46417613414603726	;	0.1056253183734	;	0.1206290939099632
0.45594610830428584	;	0.096525031295272	;	0.1204188769193462
0.4625196031969943	;	0.08832869231472	;	0.12088949877120375
0.44468262868397507	;	0.084300733646881	;	0.12059672045540838
0.4395480183817363	;	0.08062898678182	;	0.12071458739696718
0.44194272622487185	;	0.076301906599915	;	0.12145261612395597
0.4420896805149786	;	0.067879520180007	;	0.12100797036948621
0.44737763468256875	;	0.064858229174226	;	0.12100435963408639
0.4557963523305154	;	0.078983605165501	;	0.12100917087291178
0.4390931350705117	;	0.059329162326517	;	0.12100371865032065
0.4357548925241013	;	0.068746441843454	;	0.12140866841277381
0.4343373610020522	;	0.076992885621886	;	0.12094088083055525
0.42905375265799806	;	0.065870237359101	;	0.12135578592282464
0.430376223445611	;	0.056749041858712	;	0.12145644262099424
0.43395176120984646	;	0.062310467224977	;	0.12141673803925837
0.4279327482183729	;	0.074418140324105	;	0.12096061878992828
0.4234994724178959	;	0.070241070431851	;	0.12092545936178338
0.42334197909219873	;	0.060297761518381	;	0.12087752100523269
0.41916814497432964	;	0.053595741950159	;	0.1209670414561697
0.41767443030645535	;	0.071093152186567	;	0.12044634026589117
0.42036761034908066	;	0.065224636070038	;	0.12067522810965188
0.41232131639628417	;	0.066308291693214	;	0.12069625077648788
0.41610897028512	;	0.059331974580145	;	0.12051835831530684
0.41211149612027553	;	0.055249573151519	;	0.120665196305972
0.4084863900552307	;	0.060461395458743	;	0.11999654012436267
0.4079163338426347	;	0.069330257719498	;	0.12073043302119758
0.4012414940211307	;	0.069767568521563	;	0.12042778754249808
0.39288419926155993	;	0.068203579976957	;	0.12022374292152596
0.3851680606280208	;	0.068815189011786	;	0.12017067022218142
0.3778647061380051	;	0.067481280870222	;	0.12022009531957767
0.3628994175633194	;	0.067000311522047	;	0.1204457025748496
0.3739206626978737	;	0.062644219708163	;	0.12078866746235836
0.373001248825193	;	0.057456811387473	;	0.1206941012079299
0.3786301434256431	;	0.054063729770292	;	0.12065547824772326
0.380440986815589	;	0.061710283238559	;	0.1207338801230768
0.38985755916215026	;	0.064197597226402	;	0.12025389664767838
0.3856400010621167	;	0.055310311238944	;	0.12053071545453434
0.3911895377823574	;	0.051144387971636	;	0.12039065598957414
0.40319305099604213	;	0.053759381348093	;	0.12054052580908314
0.3975323084843785	;	0.0513064949971	;	0.12085490752944472
0.46366332952152534	;	0.079107145751166	;	0.12101893167887903
0.32374174171718945	;	0.14555728955935	;	0.11698348055933007
